,names,stars,price_details,memory,camara_info,display,battery,processor
19,"MOTOROLA g52 (Charcoal Grey, 128 GB)",4.2,"₹12,999
₹19,99935% off",6 GB RAM | 128 GB ROM,50MP + 8MP + 2MP | 16MP Front Camera,16.76 cm (6.6 inch) Full HD+ Display,5000 mAh Lithium Battery,Qualcomm Snapdragon 680 Processor
29,"MOTOROLA g31 (Baby Blue, 64 GB)",4.2,"₹9,499
₹13,99932% off",4 GB RAM | 64 GB ROM | Expandable Upto 1 TB,50MP + 8MP + 2MP | 13MP Front Camera,16.26 cm (6.4 Inch) Full HD+ Display,5000 mAh LiPo Battery,Mediatek Helio G85 Processor
36,Nokia 105 SS,4.2,"₹1,299
₹1,59918% off",32 MB RAM | 32 MB ROM,0MP Front Camera,4.5 cm (1.77 inch) QVGA Display,800 mAh Lithium Ion Battery,SC6531E Processor
39,"MOTOROLA G32 (Mineral Gray, 64 GB)",4.2,"₹10,499
₹16,99938% off",4 GB RAM | 64 GB ROM,50MP + 8MP + 2MP | 16MP Front Camera,16.64 cm (6.55 inch) Full HD+ Display,5000 mAh Lithium Polymer Battery,Qualcomm Snapdragon 680 Processor
41,"MOTOROLA g31 (Meteorite Grey, 64 GB)",4.2,"₹9,499
₹13,99932% off",4 GB RAM | 64 GB ROM | Expandable Upto 1 TB,50MP + 8MP + 2MP | 13MP Front Camera,16.26 cm (6.4 inch) Full HD+ Display,5000 mAh LiPo Battery,Mediatek Helio G85 Processor
48,"POCO M4 Pro 5G (Cool Blue, 64 GB)",4.2,"₹12,999
₹16,99923% off",4 GB RAM | 64 GB ROM | Expandable Upto 1 TB,50MP + 8MP | 16MP Front Camera,16.76 cm (6.6 inch) Full HD+ Display,5000 mAh Lithium-ion Polymer Battery,Mediatek Dimensity 810 Processor
49,"MOTOROLA G62 5G (Midnight Gray, 128 GB)",4.2,"₹14,999
₹21,99931% off",6 GB RAM | 128 GB ROM,50MP + 8MP + 2MP | 16MP Front Camera,16.64 cm (6.55 inch) Full HD+ Display,5000 mAh Lithium Polymer Battery,Qualcomm Snapdragon 695 5G Processor
57,"MOTOROLA g52 (Metallic White, 64 GB)",4.2,"₹10,999
₹17,99938% off",4 GB RAM | 64 GB ROM,50MP + 8MP + 2MP | 16MP Front Camera,16.76 cm (6.6 inch) Full HD+ Display,5000 mAh Lithium Battery,Qualcomm Snapdragon 680 Processor
64,"POCO M4 Pro 5G (Cool Blue, 128 GB)",4.2,"₹15,999
₹21,99927% off",8 GB RAM | 128 GB ROM | Expandable Upto 1 TB,50MP + 8MP | 16MP Front Camera,16.76 cm (6.6 inch) Full HD+ Display,5000 mAh Lithium-ion Polymer Battery,Mediatek Dimensity 810 Processor
72,"MOTOROLA e40 (Carbon Gray, 64 GB)",4.2,"₹8,999
₹10,99918% off",4 GB RAM | 64 GB ROM | Expandable Upto 1 TB,48MP + 2MP + 2MP | 8MP Front Camera,16.51 cm (6.5 inch) HD+ Display,5000 mAh Battery,UNISOC T700 Processor
100,"POCO M4 5G (Power Black, 128 GB)",4.2,"₹13,999
₹18,99926% off",6 GB RAM | 128 GB ROM | Expandable Upto 512 GB,50MP + 2MP | 8MP Front Camera,16.71 cm (6.58 inch) Full HD+ Display,5000 mAh Lithium Ion Polymer Battery,Mediatek Dimensity 700 Processor
102,"POCO M4 5G (Cool Blue, 128 GB)",4.2,"₹13,999
₹18,99926% off",6 GB RAM | 128 GB ROM | Expandable Upto 512 GB,50MP + 2MP | 8MP Front Camera,16.71 cm (6.58 inch) Full HD+ Display,5000 mAh Lithium Ion Polymer Battery,Mediatek Dimensity 700 Processor
104,"MOTOROLA g42 (Metallic Rose, 64 GB)",4.2,"₹10,999
₹16,99935% off",4 GB RAM | 64 GB ROM,50MP + 8MP + 2MP | 16MP Front Camera,16.43 cm (6.47 inch) Full HD+ AMOLED Display,5000 mAh Lithium polymer Battery,Qualcomm Snapdragon 680 Processor
106,"POCO M4 Pro 5G (Power Black, 128 GB)",4.2,"₹15,999
₹21,99927% off",8 GB RAM | 128 GB ROM | Expandable Upto 1 TB,50MP + 8MP | 16MP Front Camera,16.76 cm (6.6 inch) Full HD+ Display,5000 mAh Lithium-ion Polymer Battery,Mediatek Dimensity 810 Processor
125,"realme C35 (Glowing Black, 128 GB)",4.2,"₹13,999
₹15,99912% off",6 GB RAM | 128 GB ROM | Expandable Upto 1 TB,50MP + 2MP + 0.3MP | 8MP Front Camera,16.76 cm (6.6 inch) Full HD+ Display,5000 mAh Lithium Polymer Battery,Unisoc Tiger T616 Processor
126,"realme C35 (Glowing Green, 128 GB)",4.2,"₹13,999
₹15,99912% off",6 GB RAM | 128 GB ROM | Expandable Upto 1 TB,50MP + 2MP + 0.3MP | 8MP Front Camera,16.76 cm (6.6 inch) Full HD+ Display,5000 mAh Lithium Polymer Battery,Unisoc Tiger T616 Processor
130,"REDMI 10 (Pacific Blue, 128 GB)",4.2,"₹11,999
₹16,99929% off",6 GB RAM | 128 GB ROM | Expandable Upto 1 TB,50MP + 2MP | 5MP Front Camera,17.02 cm (6.7 inch) HD+ Display,6000 mAh Lithium Polymer Battery,Qualcomm Snapdragon 680 Processor
133,"POCO M4 Pro 5G (Cool Blue, 128 GB)",4.2,"₹15,499
₹19,99922% off",6 GB RAM | 128 GB ROM | Expandable Upto 1 TB,50MP + 8MP | 16MP Front Camera,16.76 cm (6.6 inch) Full HD+ Display,5000 mAh Lithium-ion Polymer Battery,Mediatek Dimensity 810 Processor
148,"Infinix Hot 20 5G (Blaster Green, 128 GB)",4.2,"₹12,999
₹19,99935% off",6 GB RAM | 128 GB ROM | Expandable Upto 1 TB,50MP + AI Lens | 8MP Front Camera,16.76 cm (6.6 inch) Full HD+ Display,5000 mAh Li-ion Polymer Battery,Dimensity 810 Processor
152,"SAMSUNG Galaxy F23 5G (Forest Green, 128 GB)",4.2,"₹14,999
₹22,99934% off",4 GB RAM | 128 GB ROM | Expandable Upto 1 TB,50MP + 8MP + 2MP | 8MP Front Camera,16.76 cm (6.6 inch) Full HD+ Display,5000 mAh Lithium Ion Battery,Qualcomm Snapdragon 750G Processor
158,"POCO M4 5G (Yellow, 64 GB)",4.2,"₹11,999
₹15,99925% off",4 GB RAM | 64 GB ROM | Expandable Upto 512 GB,50MP + 2MP | 8MP Front Camera,16.71 cm (6.58 inch) Full HD+ Display,5000 mAh Lithium Ion Polymer Battery,Mediatek Dimensity 700 Processor
160,"MOTOROLA g82 5G (Meterorite Grey, 128 GB)",4.2,"₹19,199
₹23,99920% off",6 GB RAM | 128 GB ROM | Expandable Upto 1 TB,50MP + 8MP + 2MP | 16MP Front Camera,16.76 cm (6.6 inch) Full HD+ Display,5000 mAh Lithium Battery,Qualcomm Snapdragon 695 5G Processor
162,"MOTOROLA g82 5G(White Lily, 128 GB)",4.2,"₹19,199
₹23,99920% off",6 GB RAM | 128 GB ROM | Expandable Upto 1 TB,50MP + 8MP + 2MP | 16MP Front Camera,16.76 cm (6.6 inch) Full HD+ Display,5000 mAh Lithium Battery,Qualcomm Snapdragon 695 5G Processor
168,"POCO M4 Pro 5G (Yellow, 128 GB)",4.2,"₹14,999
₹19,99925% off",6 GB RAM | 128 GB ROM | Expandable Upto 1 TB,50MP + 8MP | 16MP Front Camera,16.76 cm (6.6 inch) Full HD+ Display,5000 mAh Lithium-ion Polymer Battery,Mediatek Dimensity 810 Processor
173,"POCO M4 5G (Power Black, 64 GB)",4.2,"₹11,999
₹15,99925% off",4 GB RAM | 64 GB ROM | Expandable Upto 512 GB,50MP + 2MP | 8MP Front Camera,16.71 cm (6.58 inch) Full HD+ Display,5000 mAh Lithium Ion Polymer Battery,Mediatek Dimensity 700 Processor
176,"MOTOROLA g31 (Baby Blue, 128 GB)",4.2,"₹11,999
₹16,99929% off",6 GB RAM | 128 GB ROM | Expandable Upto 1 TB,50MP + 8MP + 2MP | 13MP Front Camera,16.26 cm (6.4 inch) Full HD+ Display,5000 mAh LiPo Battery,Mediatek Helio G85 Processor
180,"SAMSUNG GALAXY M13 (Midnight Blue, 64 GB)",4.2,"₹10,980
₹14,99926% off",4 GB RAM | 64 GB ROM,50MP Rear Camera,16.76 cm (6.6 inch) Display,6000 mAh Battery,12 Months Warranty
187,SAMSUNG Guru Music 2,4.2,"₹2,074",NA ROM,800 mAh Battery,5.08 cm (2 inch) QVGA Display,1 Year Manufacturer Warranty,
204,"REDMI 9 Activ (Coral Green, 128 GB)",4.2,"₹10,499
₹12,99919% off",6 GB RAM | 128 GB ROM | Expandable Upto 512 GB,13MP + 2MP | 5MP Front Camera,16.59 cm (6.53 inch) HD+ Display,5000 mAh Lithium Polymer Battery,Mediatek Helio G35 Processor
205,"SAMSUNG Galaxy M33 5G (Deep Ocean Blue, 128 GB)",4.2,"₹17,018
₹24,99931% off",6 GB RAM | 128 GB ROM,50MP Rear Camera,16.76 cm (6.6 inch) Display,6000 mAh Battery,1 Year Warranty
209,"Infinix Note 12 5G (Force Black, 64 GB)",4.2,"₹12,999
₹19,99935% off",6 GB RAM | 64 GB ROM | Expandable Upto 2 TB,50 MP + 2 MP Depth Lens + AI Lens | 16MP Front Camera,17.02 cm (6.7 inch) Full HD+ AMOLED Display,5000 mAh Li-ion Polymer Battery,Mediatek Dimensity 810 5G Processor
211,"Infinix Note 12 5G (Snowfall, 64 GB)",4.2,"₹12,999
₹19,99935% off",6 GB RAM | 64 GB ROM | Expandable Upto 2 TB,50 MP + 2 MP Depth Lens + AI Lens | 16MP Front Camera,17.02 cm (6.7 inch) Full HD+ AMOLED Display,5000 mAh Li-ion Polymer Battery,Mediatek Dimensity 810 5G Processor
212,"MOTOROLA g42 (Atlantic Green, 64 GB)",4.2,"₹10,999
₹16,99935% off",4 GB RAM | 64 GB ROM,50MP + 8MP + 2MP | 16MP Front Camera,16.43 cm (6.47 inch) Full HD+ AMOLED Display,5000 mAh Lithium polymer Battery,Qualcomm Snapdragon 680 Processor
214,LAVA GEM,4.2,"₹1,679
₹1,89911% off",0 MB ROM | Expandable Upto 32 GB,1.3MP Rear Camera,7.11 cm (2.8 inch) QVGA Display,1750 mAh Battery,NA Processor
215,"REDMI 10 Prime (Phantom Black, 128 GB)",4.2,"₹12,999
₹16,99923% off",6 GB RAM | 128 GB ROM | Expandable Upto 512 GB,50MP + 8MP + 2MP + 2MP | 8MP Front Camera,16.51 cm (6.5 inch) Full HD Display,6000 mAh Battery,Helio G88 Processor
217,LAVA Gem,4.2,"₹1,679
₹1,90611% off",32 MB RAM | 32 MB ROM | Expandable Upto 32 GB,1.3MP Rear Camera,7.11 cm (2.8 inch) QVGA Display,1750 mAh Battery,1 year manufacturer Replacement for device and 6 months manufacturer warranty for in-box accessories including batteries from the date of purchase
231,"POCO X4 Pro 5G (Yellow, 128 GB)",4.2,"₹16,999
₹23,99929% off",6 GB RAM | 128 GB ROM | Expandable Upto 1 TB,64MP + 8MP + 2MP | 16MP Front Camera,16.94 cm (6.67 inch) Full HD+ Super AMOLED Display,5000 mAh Lithium-ion Polymer Battery,Qualcomm Snapdragon 695 5G Processor
252,"REDMI 9 Activ (Carbon Black, 128 GB)",4.2,"₹10,499
₹12,99919% off",6 GB RAM | 128 GB ROM | Expandable Upto 512 GB,13MP + 2MP | 5MP Front Camera,16.59 cm (6.53 inch) HD+ Display,5000 mAh Lithium Polymer Battery,Mediatek Helio G35 Processor
265,"SAMSUNG GALAXY M13 (Aqua Green, 64 GB)",4.2,"₹11,099
₹14,99926% off",4 GB RAM | 64 GB ROM,50MP Rear Camera,16.76 cm (6.6 inch) Display,6000 mAh Battery,1 Year Warranty
266,"Infinix Hot 20 5G (Racing Black, 128 GB)",4.2,"₹12,999
₹19,99935% off",6 GB RAM | 128 GB ROM | Expandable Upto 1 TB,50MP + AI Lens | 8MP Front Camera,16.76 cm (6.6 inch) Full HD+ Display,5000 mAh Li-ion Polymer Battery,Dimensity 810 Processor
268,LAVA A3 Power,4.2,"₹1,329",0 GB ROM | Expandable Upto 32 GB,0.3MP Rear Camera,4.5 cm (1.77 inch) Quarter QVGA Display,2575 mAh Li-ion Battery,1 Year Manufacturer Replacement Guarantee for Phone and 6 Months Replacement for Accessories In the Box
270,LAVA A3,4.2,"₹1,249",4 MB RAM | 3 MB ROM | Expandable Upto 32 GB,0.3MP Rear Camera,4.5 cm (1.77 inch) Display,1750 mAh Battery,1 year manufacturer Replacement for device and 6 months manufacturer warranty for in-box accessories including batteries from the date of purchase
273,"POCO M4 5G (Yellow, 128 GB)",4.2,"₹13,999
₹18,99926% off",6 GB RAM | 128 GB ROM | Expandable Upto 512 GB,50MP + 2MP | 8MP Front Camera,16.71 cm (6.58 inch) Full HD+ Display,5000 mAh Lithium Ion Polymer Battery,Mediatek Dimensity 700 Processor
274,"REDMI 10 (Caribbean Green, 128 GB)",4.2,"₹11,999
₹16,99929% off",6 GB RAM | 128 GB ROM | Expandable Upto 1 TB,50MP + 2MP | 5MP Front Camera,17.02 cm (6.7 inch) HD+ Display,6000 mAh Lithium Polymer Battery,Qualcomm Snapdragon 680 Processor
283,"Infinix Note 12 Pro 5G (Snowfall, 128 GB)",4.2,"₹16,999
₹24,99932% off",8 GB RAM | 128 GB ROM | Expandable Upto 2 TB,108MP + 2MP (Depth) + 2MP (Macro) | 16MP Front Camera,17.02 cm (6.7 inch) Full HD+ AMOLED Display,5000 mAh Li-ion Polymer Battery,Mediatek Dimensity 810 5G Processor
299,"realme 10 (Rush Black, 64 GB)",4.2,"₹13,999
₹15,99912% off",4 GB RAM | 64 GB ROM | Expandable Upto 1 TB,50MP + 2MP | 16MP Front Camera,16.26 cm (6.4 inch) Full HD+ Display,5000 mAh Battery,Mediatek Helio G99 Octa Core Processor
321,Micromax S115,4.2,"₹928
₹1,59941% off",32 MB RAM | 32 MB ROM,800 mAh Battery,4.5 cm (1.77 inch) Display,1 Year Manufacturer Warranty,
328,"MOTOROLA edge 30 (Meteor Grey, 128 GB)",4.2,"₹23,199
₹30,99925% off",6 GB RAM | 128 GB ROM,50MP + 50MP + 2MP | 32MP Front Camera,16.64 cm (6.55 inch) Full HD+ Display,4020 mAh Lithium Battery,Qualcomm Snapdragon 778G Plus Processor
340,LAVA A3,4.2,"₹1,315
₹1,3996% off",0 GB ROM | Expandable Upto 32 GB,0.3MP Rear Camera,4.5 cm (1.77 inch) Display,1750 mAh Battery,1 year manufacturer Replacement for device and 6 months manufacturer warranty for in-box accessories including batteries from the date of purchase
341,"SAMSUNG Galaxy M32 Prime Edition (Light Blue, 64 GB)",4.2,"₹12,587
₹16,99925% off",4 GB RAM | 64 GB ROM,64MP Rear Camera,16.26 cm (6.4 inch) Display,6000 mAh Battery,12 Months Warranty
343,Motorola a10,4.2,"₹1,449",0 MB ROM | Expandable Upto 32 GB,1750 mAh Battery,4.57 cm (1.8 inch) Quarter QVGA Display,2 Year Replacement,
349,"MOTOROLA e13 (Aurora Green, 64 GB)",4.2,"₹6,999
₹9,99930% off",2 GB RAM | 64 GB ROM | Expandable Upto 1 TB,13MP Rear Camera | 5MP Front Camera,16.51 cm (6.5 inch) HD+ Display,5000 mAh Battery,Unisoc T606 Processor
356,"vivo Y16 (Steller Black, 64 GB)",4.2,"₹10,999
₹13,99921% off",3 GB RAM | 64 GB ROM | Expandable Upto 1 TB,13MP + 2MP | 5MP Front Camera,16.54 cm (6.51 inch) HD+ Display,5000 mAh Lithium Battery,Mediatek Helio P35 Processor
367,Nokia TA-1010/105,4.2,"₹1,359
₹1,59915% off",4 MB RAM | 4 MB ROM,800 mAh Lithium Ion Battery,4.5 cm (1.77 inch) Quarter QVGA Display,Brand Warranty of 1 Year Available for Mobile,
371,"Infinix Hot 12 Pro (Racing Black, 64 GB)",4.2,"₹9,799
₹13,99930% off",6 GB RAM | 64 GB ROM | Expandable Upto 256 GB,50 MP + Depth Lens | 8MP Front Camera,16.76 cm (6.6 inch) HD+ Display,5000 mAh Lithium-ion Polymer Battery,Unisoc T616 Processor
372,"SAMSUNG Galaxy S20 FE 5G (Cloud Navy, 128 GB)",4.2,"₹31,175
₹74,99958% off",8 GB RAM | 128 GB ROM,12MP Rear Camera,16.51 cm (6.5 inch) Display,4500 mAh Battery,1 Year Warranty
376,"Infinix Zero 20 (Glitter Gold, 128 GB)",4.2,"₹15,999
₹24,99936% off",8 GB RAM | 128 GB ROM | Expandable Upto 2 TB,108MP + 13MP + 2MP | 60 MP with OIS,17.02 cm (6.7 inch) Full HD+ Display,4500 mAh Lithium-ion Polymer Battery,Mediatek G99 Processor
380,"REDMI Note 11S (Horizon Blue, 128 GB)",4.2,"₹16,395
₹21,99925% off",8 GB RAM | 128 GB ROM,108MP Rear Camera,16.33 cm (6.43 inch) Display,5000 mAh Battery,1 Year Warranty
381,"Infinix Hot 12 Pro (Halo White, 64 GB)",4.2,"₹9,799
₹13,99930% off",6 GB RAM | 64 GB ROM | Expandable Upto 256 GB,50 MP + Depth Lens | 8MP Front Camera,16.76 cm (6.6 inch) HD+ Display,5000 mAh Lithium-ion Polymer Battery,Unisoc T616 Processor
384,"Infinix Note 12 (Jewel Blue, 64 GB)",4.2,"₹11,299
₹15,99929% off",4 GB RAM | 64 GB ROM | Expandable Upto 512 GB,50MP + 2MP Depth + AI Lens | 16MP Front Camera,17.02 cm (6.7 inch) Full HD+ AMOLED Display,5000 mAh Li-ion Polymer Battery,MediaTek Helio G88 Processor
385,"Infinix Note 12 (Force Black, 64 GB)",4.2,"₹11,299
₹15,99929% off",4 GB RAM | 64 GB ROM | Expandable Upto 512 GB,50MP + 2MP Depth + AI Lens | 16MP Front Camera,17.02 cm (6.7 inch) Full HD+ AMOLED Display,5000 mAh Li-ion Polymer Battery,MediaTek Helio G88 Processor
396,"REDMI 11 Prime 5G (Thunder Black, 128 GB)",4.2,"₹16,985
₹17,9995% off",6 GB RAM | 128 GB ROM,5MP Rear Camera,16.71 cm (6.58 inch) Display,5000 mAh Battery,1 Year Warranty
397,"REDMI 11 Prime 5G (Meadow Green, 128 GB)",4.2,"₹17,999",6 GB RAM | 128 GB ROM,5MP Rear Camera,16.71 cm (6.58 inch) Display,5000 mAh Battery,1 Year Warranty
436,"MOTOROLA e40 (Pink Clay, 64 GB)",4.2,"₹8,999
₹10,99918% off",4 GB RAM | 64 GB ROM | Expandable Upto 1 TB,48MP + 2MP + 2MP | 8MP Front Camera,16.51 cm (6.5 inch) HD+ Display,5000 mAh Battery,UNISOC T700 Processor
438,"SAMSUNG Galaxy M33 5G (Emarld Brown, 128 GB)",4.2,"₹17,077
₹24,99931% off",6 GB RAM | 128 GB ROM,50MP Rear Camera,16.76 cm (6.6 inch) Display,6000 mAh Battery,1 Year Warranty
442,"REDMI 10A (Slate grey, 64 GB)",4.2,"₹8,595
₹11,49925% off",4 GB RAM | 64 GB ROM,13MP Rear Camera,16.59 cm (6.53 inch) Display,5000 mAh Battery,1 Year Manufacturer Warranty for Handset and 6 Months Warranty for In the Box Accessories
462,"vivo Y01 (Elegant Black, 32 GB)",4.2,"₹7,999
₹12,99938% off",2 GB RAM | 32 GB ROM,8MP Rear Camera | 5MP Front Camera,16.54 cm (6.51 inch) HD+ Display,5000 mAh Lithium Battery,Mediatek Helio P35 Processor
477,"Infinix Zero 20 (Green Fantasy, 128 GB)",4.2,"₹15,999
₹24,99936% off",8 GB RAM | 128 GB ROM | Expandable Upto 2 TB,108MP + 13MP + 2MP | 60 MP with OIS,17.02 cm (6.7 inch) Full HD+ Display,4500 mAh Lithium-ion Polymer Battery,Mediatek G99 Processor
485,"Infinix Note 12 Pro (Volcanic Grey, 256 GB)",4.2,"₹15,599
₹21,99929% off",8 GB RAM | 256 GB ROM | Expandable Upto 2 TB,108MP + 2MP Depth Lens + AI lens | 16MP Front Camera,17.02 cm (6.7 inch) Full HD+ AMOLED Display,5000 mAh Lithium Ion Polymer Battery,Mediatek Helio G99 Processor
492,LAVA A1 2021,4.2,"₹1,129
₹1,29913% off",32 MB RAM | 24 MB ROM | Expandable Upto 32 GB,0.3MP Rear Camera,4.5 cm (1.77 inch) Display,800 mAh Li-ion Battery,1 year manufacturer replacement guarantee for Phone and 6 months replacement for accessories in the box
493,"Tecno Spark 9T (Turquoise Cyan, 64 GB)",4.2,"₹8,999
₹12,49928% off",4 GB RAM | 64 GB ROM | Expandable Upto 512 GB,50MP + 2MP | 8MP Front Camera,16.76 cm (6.6 inch) Full HD+ Display,5000 mAh Battery,MediaTek Helio G35 Processor
494,"SAMSUNG Galaxy M04 (Light Green, 64 GB)",4.2,"₹9,239",4 GB RAM | 64 GB ROM,13MP + 2MP | 5MP Front Camera,16.51 cm (6.5 inch) HD+ Display,5000 mAh Battery,MediaTek Helio P35 Processor
495,"MOTOROLA G60 (Moonless, 128 GB)",4.2,"₹15,999
₹21,99927% off",6 GB RAM | 128 GB ROM,108MP + 8MP + 2MP | 32MP Front Camera,17.22 cm (6.78 inch) Full HD+ Display,6000 mAh Battery,Qualcomm Snapdragon 732G Processor
507,"Micromax IN 2C (Silver, 32 GB)",4.2,"₹5,999
₹9,49936% off",3 GB RAM | 32 GB ROM | Expandable Upto 256 GB,8MP Rear Camera | 5MP Front Camera,16.56 cm (6.52 inch) HD+ Display,5000 mAh Battery,Unisoc T610 Processor
511,"Tecno Camon 19 (Memphis Green, 128 GB)",4.2,"₹13,995
₹15,99912% off",6 GB RAM | 128 GB ROM | Expandable Upto 512 GB,64MP + 2MP | 16MP Front Camera,17.27 cm (6.8 inch) Full HD+ Display,5000 mAh Battery,MediaTek Helio G85 Processor
517,Nokia 110,4.2,"₹1,699
₹2,09919% off",4 MB RAM | 4 MB ROM,0.08MP Rear Camera,4.5 cm (1.77 inch) Quarter QVGA Display,800 mAh Lithium Ion Battery,Unisoc 6531E Processor
536,Nokia TA-1174 / TA-1299,4.2,"₹1,590
₹1,599",4 MB RAM | 4 MB ROM,800 mAh Battery,4.57 cm (1.8 inch) Display,1 Year Manufacturer Warranty,
539,LAVA Flip,4.2,"₹1,869
₹2,29918% off",56 MB RAM | 56 MB ROM,0.08MP Rear Camera,6.1 cm (2.4 inch) Display,1200 mAh Battery,1 Year Manufacturer Replacement Guarantee for Phone and 6 Months Replacement for Accessories in the Box
545,"SAMSUNG Galaxy A73 5G (Awesome Gray, 128 GB)",4.2,"₹41,999
₹47,49011% off",8 GB RAM | 128 GB ROM | Expandable Upto 1 TB,108MP + 12MP + 5MP + 5MP | 32MP Front Camera,17.02 cm (6.7 inch) Full HD+ Display,5000 mAh Li-ion Battery,Qualcomm Snapdragon 778G Processor
548,"POCO X4 Pro 5G (Yellow, 64 GB)",4.2,"₹15,999
₹22,99930% off",6 GB RAM | 64 GB ROM | Expandable Upto 1 TB,64MP + 8MP + 2MP | 16MP Front Camera,16.94 cm (6.67 inch) Full HD+ Super AMOLED Display,5000 mAh Lithium-ion Polymer Battery,Qualcomm Snapdragon 695 5G Processor
564,"REDMI Note 12 5G (Matte Black, 128 GB)",4.2,"₹20,452
₹21,9997% off",6 GB RAM | 128 GB ROM,48MP Rear Camera,16.94 cm (6.67 inch) Display,5000 mAh Battery,12 Months
567,Nokia 105 SS 2021,4.2,"₹1,449
₹1,4993% off",4 MB RAM | 4 MB ROM,800 mAh Lithium Ion Battery,4.5 cm (1.77 inch) Quarter QVGA Display,Brand Warranty of 1 Year Available for Mobile,
579,"SAMSUNG Galaxy S23 5G (Cream, 256 GB)",4.2,"₹79,999
₹95,99916% off",8 GB RAM | 256 GB ROM,50MP + 10MP + 12MP | 12MP Front Camera,15.49 cm (6.1 inch) Full HD+ Display,3900 mAh Lithium Ion Battery,Qualcomm Snapdragon 8 Gen 2 Processor
589,"Redmi 9A Sport (Coral Green, 32 GB)",4.2,"₹7,364
₹9,49922% off",3 GB RAM | 32 GB ROM,13MP Rear Camera,16.59 cm (6.53 inch) Display,5000 mAh Battery,1 Year Warranty
592,itel ACE 2N,4.2,"₹880
₹99911% off",4 MB RAM | 4 MB ROM | Expandable Upto 32 GB,1000 mAh Battery,4.57 cm (1.8 inch) Display,12 Months Manufacturer Warranty for Device and 6 Months Manufacturer Warranty for In-box Accessories Including Batteries from the Date of Purchase,
604,"Tecno Pova 3 (Tech Silver, 64 GB)",4.2,"₹11,490
₹14,49920% off",4 GB RAM | 64 GB ROM | Expandable Upto 512 GB,50MP + 2MP + 2MP | 8MP Front Camera,17.53 cm (6.9 inch) Full HD+ Display,7000 mAh Battery,MediaTek Helio G88 Processor
606,"REDMI Note 11T 5G (Matte black, 128 GB)",4.2,"₹18,249",6 GB RAM | 128 GB ROM,50MP Rear Camera,16.76 cm (6.6 inch) Display,5000 mAh Battery,12 Months Warranty
609,"SAMSUNG Galaxy S23 5G (Phantom Black, 256 GB)",4.2,"₹79,999
₹95,99916% off",8 GB RAM | 256 GB ROM,50MP + 10MP + 12MP | 12MP Front Camera,15.49 cm (6.1 inch) Full HD+ Display,3900 mAh Lithium Ion Battery,Qualcomm Snapdragon 8 Gen 2 Processor
619,"REDMI Note 10T 5G (Mint Green, 128 GB)",4.2,"₹14,999
₹18,99921% off",6 GB RAM | 128 GB ROM,48MP Primary Camera + 2MP Macro Lens + 2MP Depth Sensor | 8MP Front Camera,16.66 cm (6.56 inch) Full HD+ Display,5000 mAh Lithium Polymer Battery,Mediatek Dimensity 700 Processor
630,"Tecno Camon 19 (Sea Salt White, 128 GB)",4.2,"₹13,989
₹18,49924% off",6 GB RAM | 128 GB ROM | Expandable Upto 512 GB,64MP + 2MP | 16MP Front Camera,17.27 cm (6.8 inch) Full HD+ Display,5000 mAh Battery,MediaTek Helio G85 Processor
655,"itel A49 (Crystal Purple, 32 GB)",4.2,"₹5,699
₹5,7991% off",2 GB RAM | 32 GB ROM | Expandable Upto 128 GB,5MP Rear Camera | 5MP Front Camera,16.76 cm (6.6 inch) HD+ Display,4000 mAh Li-Polymer Battery,Quad Core Processor
658,"itel A49 (Sky Cyan, 32 GB)",4.2,"₹5,699
₹6,79916% off",2 GB RAM | 32 GB ROM | Expandable Upto 128 GB,5MP Rear Camera | 5MP Front Camera,16.76 cm (6.6 inch) HD+ Display,4000 mAh Li-Polymer Battery,Quad Core Processor
675,"SAMSUNG Galaxy A23 (Peach, 128 GB)",4.2,"₹18,499
₹23,99022% off",6 GB RAM | 128 GB ROM | Expandable Upto 1 TB,50MP Rear Camera | 8MP Front Camera,16.76 cm (6.6 inch) Full HD+ Display,5000 mAh Li-Ion Battery,Octa-core(EXYNOS) Processor
687,"Redmi 9A Sport (Carbon Black, 32 GB)",4.2,"₹7,323
₹9,49922% off",3 GB RAM | 32 GB ROM,13MP Rear Camera,16.59 cm (6.53 inch) Display,5000 mAh Battery,1 Year Warranty
690,"Xiaomi 11i Hypercharge 5G (Stealth Black, 128 GB)",4.2,"₹24,999
₹31,99921% off",6 GB RAM | 128 GB ROM | Expandable Upto 1 TB,108MP + 8MP + 2MP | 16MP Front Camera,16.94 cm (6.67 inch) Full HD+ AMOLED Display,4500 mAh Li-Polymer Battery,Mediatek Dimensity 920 Processor
704,"Redmi Note 11 PRO Plus 5G (Stealth Black, 128 GB)",4.2,"₹21,900
₹24,99912% off",6 GB RAM | 128 GB ROM,108MP Rear Camera,16.94 cm (6.67 inch) Display,5000 mAh Battery,1 Year Manufacturer Warranty for Handset and 6 Months Warranty for In the Box Accessories
705,"POCO M4 Pro 5G (Power Black, 128 GB)",4.2,"₹16,999
₹19,99915% off",6 GB RAM | 128 GB ROM | Expandable Upto 1 TB,50MP + 8MP | 16MP Front Camera,16.76 cm (6.6 inch) Full HD+ Display,5000 mAh Lithium-ion Polymer Battery,Mediatek Dimensity 810 Processor
707,"REDMI Note 11 Pro (Stealth Black, 128 GB)",4.2,"₹17,990
₹22,99921% off",6 GB RAM | 128 GB ROM,108MP Rear Camera,16.94 cm (6.67 inch) Display,5000 mAh Battery,12 Months Warranty
717,"SAMSUNG Galaxy A52 (Awesome Blue, 128 GB)",4.2,"₹25,990",6 GB RAM | 128 GB ROM | Expandable Upto 1 TB,64MP + 12MP + 5MP + 5MP | 32MP Front Camera,16.51 cm (6.5 inch) Full HD+ Display,4500 mAh Lithium-ion Battery,Qualcomm Snapdragon 720G Processor
721,"POCO M5 (Yellow, 64 GB)",4.2,"₹10,999
₹15,99931% off",4 GB RAM | 64 GB ROM | Expandable Upto 512 GB,50MP + 2MP Depth Sensor + 2MP Macro Sensor | 8MP Front Camera,16.71 cm (6.58 inch) Full HD+ Display,5000 mAh Lithium-ion Polymer Battery,Mediatek Helio G99 Processor
728,"SAMSUNG Galaxy M32 Prime Edition (Black, 64 GB)",4.2,"₹12,722
₹16,99925% off",4 GB RAM | 64 GB ROM,64MP Rear Camera,16.26 cm (6.4 inch) Display,6000 mAh Battery,12 Months Warranty
744,"REDMI Note 10S (Frost White, 128 GB)",4.2,"₹16,499
₹20,99921% off",8 GB RAM | 128 GB ROM | Expandable Upto 512 GB,64MP + 8MP + 2MP + 2MP | 13MP Front Camera,16.33 cm (6.43 inch) Full HD+ Super AMOLED Display,5000 mAh Lithium-Ploymer Battery,Mediatek Helio G95 Processor
757,"MOTOROLA G40 Fusion (Frosted Champagne, 64 GB)",4.2,"₹14,499
₹16,99914% off",4 GB RAM | 64 GB ROM,64MP + 8MP + 2MP | 16MP Front Camera,17.22 cm (6.78 inch) Full HD+ Display,6000 mAh Battery,Qualcomm Snapdragon 732G Processor
767,"MOTOROLA G40 Fusion (Frosted Champagne, 128 GB)",4.2,"₹16,499
₹19,99917% off",6 GB RAM | 128 GB ROM,64MP + 8MP + 2MP | 16MP Front Camera,17.22 cm (6.78 inch) Full HD+ Display,6000 mAh Battery,Qualcomm Snapdragon 732G Processor
785,"REDMI 9 Activ (Carbon Black, 64 GB)",4.2,"₹9,147
₹10,99916% off",4 GB RAM | 64 GB ROM | Expandable Upto 512 GB,13MP + 2MP | 5MP Front Camera,16.59 cm (6.53 inch) HD+ Display,5000 mAh Lithium Polymer Battery,Mediatek Helio G35 Processor
797,Nokia TA-1304/105 SS,4.2,"₹1,448",4 MB RAM | 4 MB ROM,800 mAh Battery,4.5 cm (1.77 inch) Display,1 Year Manufacturer Warranty,
798,"Tecno Spark 8C (Diamond Grey, 64 GB)",4.2,"₹8,888
₹9,1903% off",4 GB RAM | 64 GB ROM | Expandable Upto 256 GB,13MP Rear Camera | 8MP Front Camera,16.76 cm (6.6 inch) HD+ Display,5000 mAh Battery,Unisoc T606 Processor
858,"Tecno Pop 5 Pro (Ice Blue, 32 GB)",4.2,"₹7,099
₹10,99935% off",3 GB RAM | 32 GB ROM | Expandable Upto 256 GB,8MP Rear Camera | 5MP Front Camera,16.56 cm (6.52 inch) HD+ Display,6000 mAh Battery,Helio A22 Processor
877,"IQOO Z6 44W (Lumina Blue, 128 GB)",4.2,"₹14,390
₹19,99928% off",4 GB RAM | 128 GB ROM,50MP + 50MP + 2MP + 2MP | 16MP + 16MP Dual Front Camera,16.36 cm (6.44 inch) Display,5000 mAh Battery,1 Year
880,LAVA A1,4.2,"₹1,189
₹1,2152% off",24 MB RAM | 24 MB ROM | Expandable Upto 32 GB,0.3MP Rear Camera,4.5 cm (1.77 inch) Quarter QVGA Display,800 mAh Battery,1 Year Replacement Guarantee for Phone and 6 Months Replacement Guarantee for Accessories in Box (T&C Apply)
882,"realme narzo 50 5G (Hyper Blue, 128 GB)",4.2,"₹16,990
₹19,99915% off",6 GB RAM | 128 GB ROM,48MP Rear Camera,16.76 cm (6.6 inch) Display,5000 mAh Battery,12Months Brand Warranty
888,"Tecno Spark 8 (Turquoise Cyan, 64 GB)",4.2,"₹8,899
₹13,49934% off",4 GB RAM | 64 GB ROM | Expandable Upto 256 GB,16MP Rear Camera | 8MP Front Camera,16.66 cm (6.56 inch) HD+ Display,5000 mAh Battery,MediaTek Helio G25 Processor
925,itel Ace 2N,4.2,₹889,4 MB RAM | 4 MB ROM | Expandable Upto 32 GB,0MP Front Camera,4.57 cm (1.8 inch) Quarter QVGA Display,1000 mAh Lithium Ion Battery,Mediatek MT6261D Processor
929,"Mi 11 Lite (Tuscany Coral, 128 GB)",4.2,"₹20,999
₹22,0264% off",8 GB RAM | 128 GB ROM | Expandable Upto 512 GB,64MP + 8MP + 5MP | 16MP Front Camera,16.64 cm (6.55 inch) Full HD+ Display,4250 mAh Li-Polymer Battery,Qualcomm Snapdragon 732G Processor
933,itel Power 100 New,4.2,"₹1,335",4 MB RAM | 4 MB ROM | Expandable Upto 32 GB,0.3MP Rear Camera,4.57 cm (1.8 inch) Display,2500 mAh Lithium-ion Battery,SC6531E Processor
939,KARBONN K9 max,4.2,"₹1,590",64 MB RAM | 64 MB ROM,2MP Rear Camera,6.6 cm (2.6 inch) QVGA Display,2500 mAh Battery,1 Year Manufacturer Warranty
952,"REDMI Note 10S (Deep Sea Blue, 128 GB)",4.2,"₹16,499
₹20,99921% off",8 GB RAM | 128 GB ROM | Expandable Upto 512 GB,64MP + 8MP + 2MP + 2MP | 13MP Front Camera,16.33 cm (6.43 inch) Full HD+ Super AMOLED Display,5000 mAh Lithium-Ploymer Battery,Mediatek Helio G95 Processor
964,"vivo V23e 5G (Sunshine Gold, 128 GB)",4.2,"₹24,999
₹28,99013% off",8 GB RAM | 128 GB ROM | Expandable Upto 1 TB,50MP + 8MP + 2MP | 44MP Front Camera,16.36 cm (6.44 inch) Full HD+ AMOLED Display,4050 mAh Lithium Battery,Mediatek Dimensity 810 Processor
968,"IQOO Z6 Lite 5G (Without Charger) (Stellar Green, 64 GB)",4.2,"₹14,390
₹15,99910% off",4 GB RAM | 64 GB ROM,50MP Rear Camera,16.97 cm (6.68 inch) Display,5000 mAh Battery,1 Year
985,"SAMSUNG Galaxy A73 5G (Awesome Mint, 128 GB)",4.2,"₹41,999
₹47,49011% off",8 GB RAM | 128 GB ROM | Expandable Upto 1 TB,108MP + 12MP + 5MP + 5MP | 32MP Front Camera,17.02 cm (6.7 inch) Full HD+ Display,5000 mAh Li-ion Battery,Qualcomm Snapdragon 778G Processor
993,"Tecno Spark 8C (Turquoise Cyan, 64 GB)",4.2,"₹8,140
₹8,2401% off",3 GB RAM | 64 GB ROM | Expandable Upto 256 GB,13MP Rear Camera | 8MP Front Camera,16.76 cm (6.6 inch) HD+ Display,5000 mAh Battery,Unisoc T606 Processor
994,"Tecno Spark 8C (Iris Purple, 64 GB)",4.2,"₹8,799
₹8,9481% off",4 GB RAM | 64 GB ROM | Expandable Upto 256 GB,13MP Rear Camera | 8MP Front Camera,16.76 cm (6.6 inch) HD+ Display,5000 mAh Battery,Unisoc T606 Processor
995,"SAMSUNG Galaxy M04 (Light Green, 128 GB)",4.2,"₹10,890
₹13,49919% off",4 GB RAM | 128 GB ROM,13MP + 2MP,16.51 cm (6.5 inch) HD+ Display,5000 mAh Battery,MediaTek Helio P35 Processor
996,"REDMI 10 Prime 2022 (Astral White, 64 GB)",4.2,"₹12,990
₹14,99913% off",4 GB RAM | 64 GB ROM,50MP Rear Camera,16.51 cm (6.5 inch) Display,6000 mAh Battery,12 Months
998,"Tecno Spark 8C (Magnet Black, 64 GB)",4.2,"₹8,199
₹8,248",3 GB RAM | 64 GB ROM | Expandable Upto 256 GB,13MP Rear Camera | 8MP Front Camera,16.76 cm (6.6 inch) HD+ Display,5000 mAh Battery,Unisoc T606 Processor
1011,"Xiaomi 11Lite NE (Diamond Dazzle, 128 GB)",4.2,"₹20,990
₹23,89512% off",6 GB RAM | 128 GB ROM | Expandable Upto 1 TB,64MP + 8MP + 5MP | 20MP Front Camera,16.64 cm (6.55 inch) Full HD+ Display,4250 mAh Battery,Qualcomm Snapdragon 778G Processor
1019,itel Ace 2N,4.2,"₹889
₹890",4 MB RAM | 4 MB ROM | Expandable Upto 32 GB,0MP Front Camera,4.57 cm (1.8 inch) Quarter QVGA Display,1000 mAh Lithium Ion Battery,Mediatek MT6261D Processor
1050,"Infinix Note 12 TURBO (Snowfall, 128 GB)",4.2,"₹14,999
₹19,99925% off",8 GB RAM | 128 GB ROM | Expandable Upto 512 GB,50 MP + 2 MP Depth Lens + AI lens | 16MP Front Camera,17.02 cm (6.7 inch) Full HD+ AMOLED Display,5000 mAh Li-ion Polymer Battery,Mediatek Helio G96 Processor
1051,"REDMI Note 10S (Shadow Black, 128 GB)",4.2,"₹16,499
₹20,99921% off",8 GB RAM | 128 GB ROM | Expandable Upto 512 GB,64MP + 8MP + 2MP + 2MP | 13MP Front Camera,16.33 cm (6.43 inch) Full HD+ Super AMOLED Display,5000 mAh Lithium-Ploymer Battery,Mediatek Helio G95 Processor
1052,"Tecno Spark 8T (Atlantic Blue, 64 GB)",4.2,"₹9,490
₹10,2907% off",4 GB RAM | 64 GB ROM | Expandable Upto 256 GB,50MP Rear Camera | 8MP Front Camera,16.76 cm (6.6 inch) HD+ Display,5000 mAh Battery,MediaTek Helio G35 Processor
1055,"REDMI 9 Activ (Metallic Purple, 128 GB)",4.2,"₹10,499
₹12,99919% off",6 GB RAM | 128 GB ROM | Expandable Upto 512 GB,13MP + 2MP | 5MP Front Camera,16.59 cm (6.53 inch) HD+ Display,5000 mAh Lithium Polymer Battery,Mediatek Helio G35 Processor
1067,"Infinix Note 11s Free Fire Edition (Haze Green, 128 GB)",4.2,"₹15,999
₹18,99915% off",8 GB RAM | 128 GB ROM | Expandable Upto 512 GB,50 MP + 2 MP Depth Lens + 2 MP Macro Lens | 16MP Front Camera,17.65 cm (6.95 inch) Full HD+ Display,5000 mAh Li-ion Polymer Battery,MediaTek Helio G96 Processor
1068,"Infinix Note 11s Free Fire Edition (Mithril Grey, 128 GB)",4.2,"₹15,999
₹18,99915% off",8 GB RAM | 128 GB ROM | Expandable Upto 512 GB,50 MP + 2 MP Depth Lens + 2 MP Macro Lens | 16MP Front Camera,17.65 cm (6.95 inch) Full HD+ Display,5000 mAh Li-ion Polymer Battery,MediaTek Helio G96 Processor
1069,"MOTOROLA G60 (Dynamic Gray, 128 GB)",4.2,"₹15,999
₹21,99927% off",6 GB RAM | 128 GB ROM,108MP + 8MP + 2MP | 32MP Front Camera,17.27 cm (6.8 inch) Full HD+ Display,6000 mAh Battery,Qualcomm Snapdragon 732G Processor
1075,SAMSUNG Guru Music 2,4.2,"₹1,995
₹2,34014% off",0.53 RAM | NA KB ROM | Expandable Upto 16 GB,0MP Front Camera,5.08 cm (2 inch) QVGA Display,800 mAh Battery,NA 0 Single Core 208MHz Processor
1092,KARBONN K9 PUNCH,4.2,"₹1,485
₹1,99025% off",52 MB RAM | 32 MB ROM | Expandable Upto 32 GB,0MP | 0.3MP Front Camera,6.1 cm (2.4 inch) FWVGA+ Display,2500 mAh Battery,NA Processor
1097,"REDMI Note 11 Pro (Star blue, 128 GB)",4.2,"₹18,300
₹22,99920% off",6 GB RAM | 128 GB ROM,108MP Rear Camera,16.94 cm (6.67 inch) Display,5000 mAh Battery,12 Months Warranty
1104,"SAMSUNG Galaxy M04 (Dark Blue, 128 GB)",4.2,"₹10,868
₹13,49919% off",4 GB RAM | 128 GB ROM,13MP + 2MP,16.51 cm (6.5 inch) HD+ Display,5000 mAh Battery,MediaTek Helio P35 Processor
1107,"OnePlus 10 Pro 5G (Volcanic Black, 128 GB)",4.2,"₹56,999",8 GB RAM | 128 GB ROM,48MP Rear Camera,17.02 cm (6.7 inch) Display,5000 mAh Battery,1 Year Manufacturer Warranty for Handset and 6 Months Warranty for In the Box Accessories
1108,"Tecno Spark 8C (Diamond Grey, 64 GB)",4.2,"₹7,899
₹8,4987% off",3 GB RAM | 64 GB ROM,13MP Rear Camera,16.76 cm (6.6 inch) Display,5000 mAh Battery,1 Year Manufacturer Warranty for Handset and 6 Months Warranty for In the Box Accessories
1123,KARBONN K9 Punch,4.2,"₹1,485
₹1,99025% off",52 MB RAM | 32 MB ROM | Expandable Upto 32 GB,0MP | 0.3MP Front Camera,6.1 cm (2.4 inch) FWVGA Display,2500 mAh Battery,NA Processor
1134,"realme C15 (Power Blue, 32 GB)",4.2,"₹10,049
₹11,99916% off",3 GB RAM | 32 GB ROM | Expandable Upto 256 GB,13MP + 8MP + 2MP + 2MP | 8MP Front Camera,16.56 cm (6.52 inch) HD+ Display,6000 mAh Lithium-ion Battery,Mediatek Helio G35 Processor
